1.9230727092308531e-01
0.0000000000000000e+00
-6.2011918066657501e-01
3.9223362476493306e-01
0.0000000000000000e+00
-9.4246312050570724e-01
6.0776637523502808e-01
0.0000000000000000e+00
-9.4246312050512304e-01
8.0769272907690159e-01
0.0000000000000000e+00
-6.2011918066629856e-01
0.0000000000000000e+00
0.0000000000000000e+00
0.0000000000000000e+00
0.0000000000000000e+00
0.0000000000000000e+00
0.0000000000000000e+00
0.0000000000000000e+00
0.0000000000000000e+00
0.0000000000000000e+00
0.0000000000000000e+00
0.0000000000000000e+00
0.0000000000000000e+00
1.0000000000000000e+00
0.0000000000000000e+00
0.0000000000000000e+00
