-2.5389029314589077e-02
2.2414410757238673e-01
-3.8384062330356722e-01
-6.5572119171464702e-02
4.8037868602841360e-01
-4.6138504803664970e-01
-4.3482480438548410e-02
6.5208916402128625e-01
-2.8564184882352672e-01
-2.3134117183642805e-02
8.2932493021213882e-01
2.1619203078494942e-01
-8.5582360080086506e-01
9.4529759534221580e-01
8.9597841371239872e-01
-1.1123283359085288e+00
1.0702195164656305e+00
1.0510257033757231e+00
-8.4711950988416407e-01
9.1695301369814675e-01
8.9227815346298667e-01
-1.0685374435089077e+00
1.0289631012968707e+00
1.0184747858405212e+00
7.2041972938921604e-13
9.9999999999999944e-01
9.9999999999999944e-01
